000002.png 0.0 0.0 0.0
000003.png 0.0 0.0 0.0
000004.png 0.0 0.0 0.0
000005.png 0.0 0.0 0.0
000006.png 0.0 0.0 0.0
000007.png 0.0 0.0 0.0
000008.png 0.0 0.0 0.0
000009.png 0.0 0.0 0.0
000010.png 0.0 0.0 0.0
000011.png 0.0 0.0 0.0
000012.png 0.0 0.0 0.0
000013.png 0.0 0.0 0.0
000014.png 0.0 0.0 0.0
000015.png 0.0 0.0 0.0
000016.png 0.0 0.0 0.0
000017.png 0.0 0.0 0.0
000018.png 0.0 0.0 0.0
000019.png 0.0 0.0 0.0
000020.png 0.0 0.0 0.0
000021.png 0.0 0.0 0.0
000022.png 0.0 0.0 0.0
000023.png 0.0 0.0 0.0
000024.png 0.0 0.0 0.0
000025.png 0.0 0.0 0.0
000026.png 0.0 0.0 0.0
000027.png 0.0 0.0 0.0
000028.png 0.0 0.0 0.0
000029.png 0.006250899999997728 0.02096660000000128 -0.0020000000000024443
000030.png 0.006143199999996796 0.020761600000000158 -0.0010000000000012221
000031.png 0.006221299999999985 0.020826999999997042 -0.0020000000000024443
000032.png -0.005075400000002617 -0.0017155000000030896 0.009000000000000341
000033.png -0.005017999999999745 -0.001600699999997346 0.00999999999999801
000034.png -0.0049709 -0.0016148999999998637 0.007999999999999119
000035.png -0.00498100000000079 -0.001561000000002366 0.00999999999999801
000036.png -0.004957700000002063 -0.001559300000003816 0.009000000000000341
000037.png 0.006310199999997934 0.02082889999999793 -0.0020000000000024443
000038.png 0.0063225999999971805 0.020895099999997058 -0.0020000000000024443
000039.png 0.006344499999997311 0.020851899999996704 -0.0020000000000024443
000040.png 0.00633410000000012 0.020871999999997115 -0.0020000000000024443
000041.png 0.006261599999998424 0.020820299999996905 -0.0020000000000024443
000042.png -0.004858500000000987 -0.001494299999997395 0.00999999999999801
000043.png 0.00632089999999863 0.020885899999996127 -0.0020000000000024443
000044.png 0.006358299999998707 0.02095210000000236 -0.0020000000000024443
000045.png -0.004876600000002895 -0.0015338999999983116 0.009000000000000341
000046.png -0.004855500000001456 -0.001531300000003455 0.009000000000000341
000047.png -0.004874000000000933 -0.0015365000000002738 0.007999999999999119
000048.png -0.004874000000000933 -0.0015365000000002738 0.007999999999999119
000049.png -0.004874000000000933 -0.0015365000000002738 0.007999999999999119
000050.png -0.004823300000001751 -0.0015471000000033541 0.009000000000000341
000051.png -0.004730800000000812 -0.0014979000000039377 0.009000000000000341
000052.png -0.0047999000000018555 -0.0015555000000020414 0.009000000000000341
000053.png -0.004785400000002937 -0.0015542000000010603 0.009000000000000341
000054.png -0.004749500000002627 -0.0015423999999981675 0.009000000000000341
000055.png -0.004789000000002375 -0.00158400000000114 0.007999999999999119
000056.png -0.004781200000000041 -0.001585099999999784 0.009000000000000341
000057.png -0.004848300000002581 -0.0016902999999999224 0.009000000000000341
000058.png -0.004804100000001199 -0.001662000000003161 0.009000000000000341
000059.png -0.0048192000000000235 -0.001647200000000737 0.009000000000000341
000060.png -0.0047883000000013 -0.0015912000000000148 0.009000000000000341
000061.png -0.004813900000002036 -0.0016220999999987384 0.009000000000000341
000062.png -0.0048593000000032305 -0.0016893000000024472 0.009000000000000341
000063.png -0.004857700000002296 -0.0016979999999975348 0.009000000000000341
000064.png -0.004857799999999912 -0.001675599999998667 0.009000000000000341
000065.png -0.004857799999999912 -0.001675599999998667 0.009000000000000341
000066.png -0.004846500000002862 -0.0015949000000006208 0.009000000000000341
000067.png -0.004857300000001175 -0.0016098999999982766 0.007999999999999119
000068.png -0.004848300000002581 -0.001741000000002657 0.009000000000000341
000069.png -0.0048786000000013985 -0.0017865000000014675 0.009000000000000341
000070.png -0.004868800000000562 -0.0018078000000016914 0.009000000000000341
000071.png -0.007473600000000857 -0.005729299999998716 0.010999999999999233
000072.png -0.014808300000002106 -0.031595700000004 -0.010000000000001563
000073.png -0.007474600000001885 -0.005755900000004033 0.010999999999999233
000074.png -0.007463300000001283 -0.005751400000001183 0.010999999999999233
000075.png -0.014818700000002849 -0.03175269999999841 -0.010000000000001563
000076.png -0.01484050000000181 -0.03178969999999737 -0.010000000000001563
000077.png -0.014810500000002946 -0.03183260000000132 -0.010000000000001563
000078.png -0.014756700000003065 -0.031747799999997994 -0.010000000000001563
000079.png -0.014750500000001665 -0.03170030000000423 -0.010000000000001563
000080.png 0.001770499999999231 -0.04608129999999733 -0.028999999999999915
000081.png 0.0017493999999977916 -0.046065800000000934 -0.028000000000002245
000082.png 0.001888399999998569 -0.04600070000000045 -0.028999999999999915
000083.png 0.001960999999997881 -0.04596630000000346 -0.028999999999999915
000084.png 0.002051899999997886 -0.0459007999999983 -0.028999999999999915
000085.png 0.002051899999997886 -0.0459007999999983 -0.028999999999999915
000086.png 0.002051899999997886 -0.0459007999999983 -0.028999999999999915
000087.png 0.002051899999997886 -0.0459007999999983 -0.028999999999999915
000088.png 0.002051899999997886 -0.0459007999999983 -0.028999999999999915
000089.png 0.002051899999997886 -0.0459007999999983 -0.028999999999999915
000090.png 0.002051899999997886 -0.0459007999999983 -0.028999999999999915
000091.png 0.002051899999997886 -0.0459007999999983 -0.028999999999999915
000092.png 0.002051899999997886 -0.0459007999999983 -0.028999999999999915
000093.png 0.002051899999997886 -0.0459007999999983 -0.028999999999999915
000094.png 0.002051899999997886 -0.0459007999999983 -0.028999999999999915
000095.png 0.002051899999997886 -0.0459007999999983 -0.028999999999999915
000096.png 0.002051899999997886 -0.0459007999999983 -0.028999999999999915
000097.png 0.002051899999997886 -0.0459007999999983 -0.028999999999999915
000098.png 0.002051899999997886 -0.0459007999999983 -0.028999999999999915
000099.png 0.002051899999997886 -0.0459007999999983 -0.028999999999999915
000100.png 0.002051899999997886 -0.0459007999999983 -0.028999999999999915
000101.png 0.002051899999997886 -0.0459007999999983 -0.028999999999999915
000102.png 0.002051899999997886 -0.0459007999999983 -0.028999999999999915
000103.png 0.002051899999997886 -0.0459007999999983 -0.028999999999999915
000104.png 0.002051899999997886 -0.0459007999999983 -0.028999999999999915
000105.png 0.002051899999997886 -0.0459007999999983 -0.028999999999999915
000106.png 0.002051899999997886 -0.0459007999999983 -0.028999999999999915
000107.png 0.002051899999997886 -0.0459007999999983 -0.028999999999999915
000108.png 0.002051899999997886 -0.0459007999999983 -0.028999999999999915
000109.png 0.002051899999997886 -0.0459007999999983 -0.028999999999999915
000110.png 0.002051899999997886 -0.0459007999999983 -0.028999999999999915
000111.png 0.002051899999997886 -0.0459007999999983 -0.028999999999999915
000112.png 0.002051899999997886 -0.0459007999999983 -0.028999999999999915
000113.png 0.002051899999997886 -0.0459007999999983 -0.028999999999999915
000114.png 0.002051899999997886 -0.0459007999999983 -0.028999999999999915
000115.png 0.002051899999997886 -0.0459007999999983 -0.028999999999999915
000116.png 0.002051899999997886 -0.0459007999999983 -0.028999999999999915
000117.png 0.002051899999997886 -0.0459007999999983 -0.028999999999999915
000118.png 0.002051899999997886 -0.0459007999999983 -0.028999999999999915
000119.png 0.002051899999997886 -0.0459007999999983 -0.028999999999999915
000120.png 0.002051899999997886 -0.0459007999999983 -0.028999999999999915
000121.png 0.002051899999997886 -0.0459007999999983 -0.028999999999999915
000122.png 0.002051899999997886 -0.0459007999999983 -0.028999999999999915
000123.png 0.002051899999997886 -0.0459007999999983 -0.028999999999999915
000124.png 0.002051899999997886 -0.0459007999999983 -0.028999999999999915
000125.png 0.002051899999997886 -0.0459007999999983 -0.028999999999999915
000126.png 0.002051899999997886 -0.0459007999999983 -0.028999999999999915
000127.png 0.002051899999997886 -0.0459007999999983 -0.028999999999999915
000128.png 0.002051899999997886 -0.0459007999999983 -0.028999999999999915
000129.png 0.002051899999997886 -0.0459007999999983 -0.028999999999999915
000130.png 0.002051899999997886 -0.0459007999999983 -0.028999999999999915
000131.png 0.002051899999997886 -0.0459007999999983 -0.028999999999999915
000132.png 0.002051899999997886 -0.0459007999999983 -0.028999999999999915
000133.png 0.002051899999997886 -0.0459007999999983 -0.028999999999999915
000134.png 0.002051899999997886 -0.0459007999999983 -0.028999999999999915
000135.png 0.002051899999997886 -0.0459007999999983 -0.028999999999999915
000136.png 0.002051899999997886 -0.0459007999999983 -0.028999999999999915
000137.png 0.002051899999997886 -0.0459007999999983 -0.028999999999999915
000138.png 0.002051899999997886 -0.0459007999999983 -0.028999999999999915
000139.png 0.002051899999997886 -0.0459007999999983 -0.028999999999999915
000140.png 0.002051899999997886 -0.0459007999999983 -0.028999999999999915
000141.png 0.002051899999997886 -0.0459007999999983 -0.028999999999999915
000142.png 0.002051899999997886 -0.0459007999999983 -0.028999999999999915
000143.png 0.002051899999997886 -0.0459007999999983 -0.028999999999999915
000144.png 0.002051899999997886 -0.0459007999999983 -0.028999999999999915
000145.png 0.002051899999997886 -0.0459007999999983 -0.028999999999999915
000146.png 0.002051899999997886 -0.0459007999999983 -0.028999999999999915
000147.png 0.002051899999997886 -0.0459007999999983 -0.028999999999999915
000148.png 0.002051899999997886 -0.0459007999999983 -0.028999999999999915
000149.png 0.002051899999997886 -0.0459007999999983 -0.028999999999999915
000150.png 0.002051899999997886 -0.0459007999999983 -0.028999999999999915
000151.png 0.002051899999997886 -0.0459007999999983 -0.028999999999999915
000152.png 0.002051899999997886 -0.0459007999999983 -0.028999999999999915
000153.png 0.002051899999997886 -0.0459007999999983 -0.028999999999999915
000154.png 0.002051899999997886 -0.0459007999999983 -0.028999999999999915
000155.png 0.002051899999997886 -0.0459007999999983 -0.028999999999999915
000156.png 0.002051899999997886 -0.0459007999999983 -0.028999999999999915
000157.png 0.002051899999997886 -0.0459007999999983 -0.028999999999999915
000158.png 0.002051899999997886 -0.0459007999999983 -0.028999999999999915
000159.png 0.002051899999997886 -0.0459007999999983 -0.028999999999999915
000160.png 0.002051899999997886 -0.0459007999999983 -0.028999999999999915
000161.png 0.002051899999997886 -0.0459007999999983 -0.028999999999999915
000162.png 0.002051899999997886 -0.0459007999999983 -0.028999999999999915
000163.png 0.002051899999997886 -0.0459007999999983 -0.028999999999999915
000164.png 0.002051899999997886 -0.0459007999999983 -0.028999999999999915
000165.png 0.002051899999997886 -0.0459007999999983 -0.028999999999999915
000166.png 0.002051899999997886 -0.0459007999999983 -0.028999999999999915
000167.png 0.002051899999997886 -0.0459007999999983 -0.028999999999999915
000168.png 0.002051899999997886 -0.0459007999999983 -0.028999999999999915
000169.png 0.002051899999997886 -0.0459007999999983 -0.028999999999999915
000170.png 0.002051899999997886 -0.0459007999999983 -0.028999999999999915
000171.png 0.002051899999997886 -0.0459007999999983 -0.028999999999999915
000172.png 0.002051899999997886 -0.0459007999999983 -0.028999999999999915
000173.png 0.002051899999997886 -0.0459007999999983 -0.028999999999999915
000174.png 0.002051899999997886 -0.0459007999999983 -0.028999999999999915
000175.png 0.002051899999997886 -0.0459007999999983 -0.028999999999999915
000176.png 0.002051899999997886 -0.0459007999999983 -0.028999999999999915
000177.png 0.002051899999997886 -0.0459007999999983 -0.028999999999999915
000178.png 0.002051899999997886 -0.0459007999999983 -0.028999999999999915
000179.png 0.002051899999997886 -0.0459007999999983 -0.028999999999999915
000180.png 0.002051899999997886 -0.0459007999999983 -0.028999999999999915
000181.png -0.012715700000001107 0.015991800000001888 0.03399999999999892
000182.png -0.01267660000000248 0.015809400000001972 0.0329999999999977
000183.png -0.012788000000000466 0.015727300000001776 0.03399999999999892
000184.png -0.0020729000000017095 -0.0011957999999978597 0.003999999999997783
000185.png -0.0020729000000017095 -0.0011957999999978597 0.003999999999997783
000186.png -0.0020729000000017095 -0.0011957999999978597 0.003999999999997783
000187.png -0.0020729000000017095 -0.0011957999999978597 0.003999999999997783
000188.png -0.0020729000000017095 -0.0011957999999978597 0.003999999999997783
000189.png -0.0020729000000017095 -0.0011957999999978597 0.003999999999997783
000190.png -0.0020729000000017095 -0.0011957999999978597 0.003999999999997783
000191.png -0.0020729000000017095 -0.0011957999999978597 0.003999999999997783
000192.png -0.0020729000000017095 -0.0011957999999978597 0.003999999999997783
000193.png -0.0020729000000017095 -0.0011957999999978597 0.003999999999997783
000194.png -0.0020729000000017095 -0.0011957999999978597 0.003999999999997783
000195.png -0.0020729000000017095 -0.0011957999999978597 0.003999999999997783
000196.png -0.0020729000000017095 -0.0011957999999978597 0.003999999999997783
000197.png -0.0020729000000017095 -0.0011957999999978597 0.003999999999997783
000198.png -0.0020729000000017095 -0.0011957999999978597 0.003999999999997783
000199.png -0.0020729000000017095 -0.0011957999999978597 0.003999999999997783
000200.png -0.0020729000000017095 -0.0011957999999978597 0.003999999999997783
000201.png -0.0020729000000017095 -0.0011957999999978597 0.003999999999997783
000202.png -0.0020729000000017095 -0.0011957999999978597 0.003999999999997783
000203.png -0.0020729000000017095 -0.0011957999999978597 0.003999999999997783
000204.png -0.0020729000000017095 -0.0011957999999978597 0.003999999999997783
000205.png -0.0020729000000017095 -0.0011957999999978597 0.003999999999997783
000206.png -0.0020729000000017095 -0.0011957999999978597 0.003999999999997783
000207.png -0.0020729000000017095 -0.0011957999999978597 0.003999999999997783
000208.png -0.0020729000000017095 -0.0011957999999978597 0.003999999999997783
000209.png -0.0020729000000017095 -0.0011957999999978597 0.003999999999997783
000210.png -0.0020729000000017095 -0.0011957999999978597 0.003999999999997783
000211.png -0.0020729000000017095 -0.0011957999999978597 0.003999999999997783
000212.png -0.0020729000000017095 -0.0011957999999978597 0.003999999999997783
000213.png -0.0020729000000017095 -0.0011957999999978597 0.003999999999997783
000214.png -0.0020729000000017095 -0.0011957999999978597 0.003999999999997783
000215.png -0.0020729000000017095 -0.0011957999999978597 0.003999999999997783
000216.png -0.0020729000000017095 -0.0011957999999978597 0.003999999999997783
000217.png -0.0020729000000017095 -0.0011957999999978597 0.003999999999997783
000218.png -0.0020729000000017095 -0.0011957999999978597 0.003999999999997783
000219.png -0.0020729000000017095 -0.0011957999999978597 0.003999999999997783
000220.png -0.0020729000000017095 -0.0011957999999978597 0.003999999999997783
000221.png -0.0020729000000017095 -0.0011957999999978597 0.003999999999997783
000222.png -0.0020729000000017095 -0.0011957999999978597 0.003999999999997783
000223.png -0.0020729000000017095 -0.0011957999999978597 0.003999999999997783
000224.png -0.0020729000000017095 -0.0011957999999978597 0.003999999999997783
000225.png -0.0020729000000017095 -0.0011957999999978597 0.003999999999997783
000226.png -0.0020729000000017095 -0.0011957999999978597 0.003999999999997783
000227.png -0.0020729000000017095 -0.0011957999999978597 0.003999999999997783
000228.png -0.0020729000000017095 -0.0011957999999978597 0.003999999999997783
000229.png -0.0020729000000017095 -0.0011957999999978597 0.003999999999997783
000230.png -0.0020729000000017095 -0.0011957999999978597 0.003999999999997783
000231.png -0.0020729000000017095 -0.0011957999999978597 0.003999999999997783
000232.png -0.0020729000000017095 -0.0011957999999978597 0.003999999999997783
000233.png -0.0020729000000017095 -0.0011957999999978597 0.003999999999997783
000234.png -0.0020729000000017095 -0.0011957999999978597 0.003999999999997783
000235.png -0.0020729000000017095 -0.0011957999999978597 0.003999999999997783
000236.png -0.0020729000000017095 -0.0011957999999978597 0.003999999999997783
000237.png -0.0020729000000017095 -0.0011957999999978597 0.003999999999997783
000238.png -0.0020729000000017095 -0.0011957999999978597 0.003999999999997783
000239.png -0.0020729000000017095 -0.0011957999999978597 0.003999999999997783
000240.png -0.0020729000000017095 -0.0011957999999978597 0.003999999999997783
000241.png -0.0020729000000017095 -0.0011957999999978597 0.003999999999997783
000242.png -0.0020729000000017095 -0.0011957999999978597 0.003999999999997783
000243.png -0.0020729000000017095 -0.0011957999999978597 0.003999999999997783
000244.png -0.0020729000000017095 -0.0011957999999978597 0.003999999999997783
000245.png -0.0020729000000017095 -0.0011957999999978597 0.003999999999997783
000246.png -0.0020729000000017095 -0.0011957999999978597 0.003999999999997783
000247.png -0.0020729000000017095 -0.0011957999999978597 0.003999999999997783
000248.png -0.0020729000000017095 -0.0011957999999978597 0.003999999999997783
000249.png -0.0020729000000017095 -0.0011957999999978597 0.003999999999997783
000250.png -0.0020729000000017095 -0.0011957999999978597 0.003999999999997783
000251.png -0.0020729000000017095 -0.0011957999999978597 0.003999999999997783
000252.png -0.0020729000000017095 -0.0011957999999978597 0.003999999999997783
000253.png -0.0020729000000017095 -0.0011957999999978597 0.003999999999997783
000254.png -0.0020729000000017095 -0.0011957999999978597 0.003999999999997783
000255.png -0.0020729000000017095 -0.0011957999999978597 0.003999999999997783
000256.png -0.0020729000000017095 -0.0011957999999978597 0.003999999999997783
000257.png -0.0020729000000017095 -0.0011957999999978597 0.003999999999997783
000258.png -0.0020729000000017095 -0.0011957999999978597 0.003999999999997783
000259.png -0.0020729000000017095 -0.0011957999999978597 0.003999999999997783
000260.png -0.0020729000000017095 -0.0011957999999978597 0.003999999999997783
000261.png -0.0020729000000017095 -0.0011957999999978597 0.003999999999997783
000262.png -0.0020729000000017095 -0.0011957999999978597 0.003999999999997783
000263.png -0.0020729000000017095 -0.0011957999999978597 0.003999999999997783
000264.png -0.0020729000000017095 -0.0011957999999978597 0.003999999999997783
000265.png -0.0020729000000017095 -0.0011957999999978597 0.003999999999997783
000266.png -0.0020729000000017095 -0.0011957999999978597 0.003999999999997783
000267.png -0.0020729000000017095 -0.0011957999999978597 0.003999999999997783
000268.png -0.0020729000000017095 -0.0011957999999978597 0.003999999999997783
000269.png -0.0020729000000017095 -0.0011957999999978597 0.003999999999997783
000270.png -0.0020729000000017095 -0.0011957999999978597 0.003999999999997783
000271.png -0.0020729000000017095 -0.0011957999999978597 0.003999999999997783
000272.png -0.0020729000000017095 -0.0011957999999978597 0.003999999999997783
000273.png -0.0020729000000017095 -0.0011957999999978597 0.003999999999997783
000274.png -0.0020729000000017095 -0.0011957999999978597 0.003999999999997783
000275.png -0.0020729000000017095 -0.0011957999999978597 0.003999999999997783
000276.png -0.0020729000000017095 -0.0011957999999978597 0.003999999999997783
000277.png -0.0020729000000017095 -0.0011957999999978597 0.003999999999997783
000278.png -0.0020729000000017095 -0.0011957999999978597 0.003999999999997783
000279.png -0.0020729000000017095 -0.0011957999999978597 0.003999999999997783
000280.png -0.0020729000000017095 -0.0011957999999978597 0.003999999999997783
000281.png -0.0020729000000017095 -0.0011957999999978597 0.003999999999997783
000282.png -0.0020729000000017095 -0.0011957999999978597 0.003999999999997783
000283.png -0.0020729000000017095 -0.0011957999999978597 0.003999999999997783
000284.png -0.0020729000000017095 -0.0011957999999978597 0.003999999999997783
000285.png -0.0020729000000017095 -0.0011957999999978597 0.003999999999997783
000286.png -0.0020729000000017095 -0.0011957999999978597 0.003999999999997783
000287.png -0.0020729000000017095 -0.0011957999999978597 0.003999999999997783
000288.png -0.0020729000000017095 -0.0011957999999978597 0.003999999999997783
000289.png -0.0020729000000017095 -0.0011957999999978597 0.003999999999997783
000290.png -0.0020729000000017095 -0.0011957999999978597 0.003999999999997783
000291.png -0.0020729000000017095 -0.0011957999999978597 0.003999999999997783
000292.png -0.0020729000000017095 -0.0011957999999978597 0.003999999999997783
000293.png -0.0020729000000017095 -0.0011957999999978597 0.003999999999997783
000294.png -0.0020729000000017095 -0.0011957999999978597 0.003999999999997783
000295.png -0.0020729000000017095 -0.0011957999999978597 0.003999999999997783
000296.png -0.0020729000000017095 -0.0011957999999978597 0.003999999999997783
000297.png -0.0020729000000017095 -0.0011957999999978597 0.003999999999997783
000298.png -0.0020729000000017095 -0.0011957999999978597 0.003999999999997783
000299.png -0.0020729000000017095 -0.0011957999999978597 0.003999999999997783
000300.png -0.0020729000000017095 -0.0011957999999978597 0.003999999999997783
000301.png -0.0020729000000017095 -0.0011957999999978597 0.003999999999997783
000302.png -0.0020729000000017095 -0.0011957999999978597 0.003999999999997783
000303.png -0.0020729000000017095 -0.0011957999999978597 0.003999999999997783
000304.png -0.0020729000000017095 -0.0011957999999978597 0.003999999999997783
000305.png -0.0020729000000017095 -0.0011957999999978597 0.003999999999997783
000306.png -0.0020729000000017095 -0.0011957999999978597 0.003999999999997783
000307.png -0.0020729000000017095 -0.0011957999999978597 0.003999999999997783
000308.png -0.0020729000000017095 -0.0011957999999978597 0.003999999999997783
000309.png -0.0020729000000017095 -0.0011957999999978597 0.003999999999997783
000310.png -0.0020729000000017095 -0.0011957999999978597 0.003999999999997783
000311.png -0.0020729000000017095 -0.0011957999999978597 0.003999999999997783
000312.png -0.0020729000000017095 -0.0011957999999978597 0.003999999999997783
000313.png -0.0020729000000017095 -0.0011957999999978597 0.003999999999997783
000314.png -0.0020729000000017095 -0.0011957999999978597 0.003999999999997783
000315.png -0.0020729000000017095 -0.0011957999999978597 0.003999999999997783
000316.png -0.0020729000000017095 -0.0011957999999978597 0.003999999999997783
000317.png -0.0020729000000017095 -0.0011957999999978597 0.003999999999997783
000318.png -0.0020729000000017095 -0.0011957999999978597 0.003999999999997783
000319.png -0.0020729000000017095 -0.0011957999999978597 0.003999999999997783
000320.png -0.0020729000000017095 -0.0011957999999978597 0.003999999999997783
000321.png -0.0020729000000017095 -0.0011957999999978597 0.003999999999997783
000322.png -0.0020729000000017095 -0.0011957999999978597 0.003999999999997783
000323.png -0.0025593000000014854 0.007147599999996146 0.06199999999999761
000324.png -0.0026035000000028674 0.007137299999996571 0.06199999999999761
000325.png -0.002702400000000438 0.007236599999998816 0.06299999999999883
000326.png -0.0038829000000006886 0.01209689999999597 0.0990000000000002
000327.png -0.003919700000000859 0.012111400000001993 0.09999999999999787
000328.png -0.003868800000002892 0.012054200000001458 0.0990000000000002
000329.png -0.003882700000001904 0.011991500000000599 0.0990000000000002
000330.png -0.0025778000000009627 0.007058199999995907 0.06199999999999761
000331.png -0.0025869000000007247 0.006987000000002297 0.06199999999999761
000332.png -0.002675599999999889 0.007021799999996858 0.06299999999999883
000333.png -0.0026071999999999207 0.006932900000002462 0.06299999999999883
000334.png -0.002189300000001282 0.005439199999997868 0.06899999999999906
000335.png -0.002159200000001249 0.005408699999996713 0.06899999999999906
000336.png -0.002246000000003079 0.0054490999999998735 0.07000000000000028
000337.png -0.002274700000000962 0.005444300000000624 0.07000000000000028
000338.png -0.0023647000000011076 0.005507399999999052 0.07099999999999795
000339.png -0.0035074000000001604 0.010298999999996283 0.10899999999999821
000340.png -0.0036161999999997363 0.010387799999996616 0.10999999999999943
000341.png -0.0035222000000025844 0.010343800000001124 0.10899999999999821
000342.png -0.0035468999999999085 0.010312599999998895 0.10899999999999821
000343.png -0.0035384000000000526 0.01026809999999756 0.10899999999999821
000344.png -0.0034972000000017545 0.010216700000000856 0.10899999999999821
000345.png -0.0034908000000015704 0.010269199999996204 0.10899999999999821
000346.png -0.003457900000000791 0.010222800000001087 0.10899999999999821
000347.png -0.0011893000000000598 0.0013379999999969527 0.14399999999999835
000348.png -0.0011413000000004558 0.0012904999999960864 0.14300000000000068
000349.png -0.001083100000002446 0.0012609999999995125 0.14199999999999946
000350.png -0.0011954000000002907 0.0012564000000025999 0.14399999999999835
000351.png -0.0011009000000008484 0.00121459999999729 0.14300000000000068
000352.png -0.0011361000000000843 0.0012380000000007385 0.14399999999999835
000353.png -0.001105100000000192 0.0012144000000020583 0.14300000000000068
000354.png -0.001154100000000824 0.0011776999999995041 0.14399999999999835
000355.png -0.0010911000000000115 0.001150099999996712 0.14300000000000068
000356.png -0.0034671000000017216 0.010083299999998019 0.10899999999999821
000357.png 0.017829899999998844 -0.00255109999999803 -0.03400000000000247
000358.png 0.017822400000000016 -0.0025765999999975975 -0.03400000000000247
000359.png 0.017798199999997877 -0.002608199999997396 -0.03400000000000247
000360.png 0.017808199999997498 -0.002525499999997294 -0.03400000000000247
000361.png 0.017772099999998403 -0.0025908000000001152 -0.03400000000000247
000362.png 0.017732299999998702 -0.0025528999999977486 -0.03400000000000247
000363.png 0.01775649999999729 -0.0026308999999997695 -0.03400000000000247
000364.png 0.015339499999999617 0.0004480999999998403 -0.028000000000002245
000365.png 0.015317299999999534 0.00041879999999849815 -0.028000000000002245
000366.png 0.015334799999997983 0.0004258999999962043 -0.028000000000002245
000367.png 0.015377699999998384 0.00045479999999997744 -0.028000000000002245
000368.png 0.015315799999999768 0.00042789999999826023 -0.028000000000002245
000369.png 0.015280399999998195 0.0004022999999975241 -0.028000000000002245
000370.png 0.0152507999999969 0.0003659999999996444 -0.028000000000002245
000371.png 0.015307199999998744 0.0003835999999992623 -0.028000000000002245
000372.png 0.015325499999999437 0.0003778999999966004 -0.028000000000002245
000373.png 0.015286199999998473 0.00036019999999581387 -0.028000000000002245
000374.png 0.0153156999999986 0.00033489999999858355 -0.028000000000002245
000375.png 0.015345299999999895 0.0003548999999978264 -0.028000000000002245
000376.png 0.015335499999999058 0.000313499999997191 -0.028000000000002245
000377.png 0.015356699999998114 0.00032739999999620295 -0.028000000000002245
000378.png 0.015355699999997086 0.0003541000000026884 -0.028000000000002245
000379.png 0.015366999999997688 0.00037050000000249383 -0.028000000000002245
000380.png 0.015371799999996938 0.00036159999999796355 -0.028000000000002245
000381.png 0.015343899999997745 0.0003700999999978194 -0.028000000000002245
000382.png 0.01530649999999767 0.000416199999996536 -0.027000000000001023
000383.png 0.015332099999998405 0.00043420000000082837 -0.028000000000002245
000384.png 0.01531400000000005 0.00042820000000176606 -0.028000000000002245
000385.png 0.015298399999998935 0.00039780000000178006 -0.028000000000002245
000386.png 0.015311999999997994 0.00042630000000087875 -0.028000000000002245
000387.png 0.01527499999999904 0.00044919999999848415 -0.028000000000002245
000388.png 0.015269899999999836 0.000453999999997734 -0.028000000000002245
000389.png 0.015239199999999897 0.0004671000000016079 -0.027000000000001023
000390.png 0.015248399999997275 0.00045689999999609654 -0.027000000000001023
000391.png 0.02313699999999841 0.002510899999997207 -0.04299999999999926
000392.png 0.023138399999997006 0.0024658999999971343 -0.04299999999999926
000393.png 0.023129199999999628 0.0024934999999999263 -0.04299999999999926
000394.png 0.02314039999999906 0.0024944999999974016 -0.04299999999999926
000395.png 0.025218199999997637 0.002678400000000636 -0.05000000000000071
000396.png 0.025200899999997972 0.0026553000000006932 -0.05000000000000071
000397.png 0.025219599999999787 0.0026897999999988542 -0.05000000000000071
000398.png 0.025219299999999834 0.002699399999997354 -0.05000000000000071
000399.png 0.017887699999999285 -0.0022914000000042734 -0.05700000000000216
000400.png 0.01925329999999903 0.0005280000000027485 -0.06099999999999994
000401.png 0.025152899999998368 0.002501600000002213 -0.04899999999999949
000402.png 0.02515640000000019 0.002528499999996825 -0.04800000000000182
000403.png 0.025138199999997113 0.0025107000000019752 -0.04800000000000182
000404.png 0.02515499999999804 0.0025204999999957067 -0.04899999999999949
000405.png 0.02513969999999688 0.002532399999999768 -0.04800000000000182
000406.png 0.025079499999996813 0.0025836000000012405 -0.05000000000000071
000407.png 0.024982800000000083 0.0025870999999995092 -0.04899999999999949
000408.png 0.02710480000000004 0.015217299999996214 -0.045999999999999375
000409.png 0.0269964999999992 0.015182199999998147 -0.045999999999999375
000410.png 0.026896099999998313 0.015227899999999295 -0.045999999999999375
000411.png 0.026799199999999246 0.01518440000000254 -0.045999999999999375
000412.png 0.026697999999999666 0.01509229999999917 -0.045999999999999375
000413.png 0.026658599999997534 0.015197899999996878 -0.045000000000001705
000414.png 0.02657999999999916 0.015174999999999272 -0.045000000000001705
000415.png 0.026489099999999155 0.014904600000001267 -0.045000000000001705
000416.png 0.026429900000000117 0.014850400000000263 -0.045000000000001705
000417.png 0.026429900000000117 0.014850400000000263 -0.045000000000001705
000418.png 0.026429900000000117 0.014850400000000263 -0.045000000000001705
000419.png 0.026429900000000117 0.014850400000000263 -0.045000000000001705
000420.png 0.026429900000000117 0.014850400000000263 -0.045000000000001705
